m = 1.1188865639320997
c = 0.5427740173279865
err = 10
